7020284535
7020444171
7038486110
7057902470
7058620622
7385068163
7387018005
7507211930
7620153836
7620574383
7709132202
7721932811
7722011362
7775307532
7890203116
7977108165
8007505391
8109407931
8275395426
8308032249
8308608194
8390284041
8421676909
8421998211
8554989386
8577874951
8600717003
8605123856
8605677926
8656891642
8698249612
8788267764
8788530957
8805348150
8830432813
8888222703
8888703135
8999748907
9011489784
9049793071
9096975838
9130887625
9146495026
9325679855
9325684165
9326925469
9370593399
9403458332
9405322485
9405441028
9421517117
9421743123
9421787681
9421826885
9423126903
9449537996
9511868589
9545943413
9561228212
9561501146
9561792044
9604827964
9623935467
9637046465
9637451337
9637655040
9665131675
9665555220
9673744750
9689323411
9699007256
9702842599
9730747176
9763312363
9763312367
9763950308
9764251359
9765656500
9765751843
9767515884
9822112884
9822221414
9822226999
9822270498
9822582610
9822704787
9822707781
9834035715
9850168535
9850226531
9850616074
9850731702
9850889380
9860004121
9860087000
9860474118
9890033258
9890864418
9921544055
9922515911
9922648116
9960851264
9970102257
9970286624
9970829003
9975309114
9975707557